1.223453239311972318e+01 1.181448189880474864e+01
1.193607457497793156e+01 1.184290647742690261e+01
3.567425314749623055e+01 3.569614900692828030e+01
3.571545430396251675e+01 3.585092055131293876e+01
1.145986206338129136e+02 1.147671126148816683e+02
1.143631511997498365e+02 1.144986540820597867e+02
1.148025059780917587e+02 1.486457658007802252e+02
1.486024334469092594e+02 1.485164809237499526e+02
1.493110564434353478e+02 1.495151882508883432e+02
1.497161478600638702e+02 1.491758605146940795e+02
1.485528088164306553e+02 1.491179903599852423e+02
1.492414479860373717e+02 1.482736491682274789e+02
1.845480285439190027e+02 1.846446918559321944e+02
1.843987546401829434e+02 1.844789126924999891e+02
1.891078325809821195e+02 1.891465324499968688e+02
1.891691165970657380e+02 1.928843991692445741e+02
1.928588932584426914e+02 2.042533856814678188e+02
2.042303011440191085e+02 2.041972897723973119e+02
2.042833845459726092e+02 2.041796071896201568e+02
2.039820917437900789e+02 2.037763459281406426e+02
2.039390966958832507e+02 2.042863918210489942e+02
2.042445599912244631e+02 3.595659411327314956e+02
3.596500787593597579e+02 3.594727623882429839e+02
3.594926456937107559e+02 8.976124841288111167e-01
7.511890050290137566e-01 8.165436664627244712e-01
-2.501438764522068681e+01 -2.517091969904696214e+01
-2.536925081222146261e+01 -2.542908352890658819e+01
4.232861257252329068e+01 4.237641867252625616e+01
4.242950328719457787e+01 4.228114690156136390e+01
6.547349610920238661e+01 6.541479745028188120e+01
6.566526989598789044e+01 6.572414027774091494e+01
6.561846422084799713e+01 6.927896698660396169e+01
6.932685434996311358e+01 6.941490076212498650e+01
6.910343668361760194e+01 6.914424512904908227e+01
6.917472338146963295e+01 6.937358032299313493e+01
6.909439591300113648e+01 6.891245950871815751e+01
6.893396477512088438e+01 6.886496519010594852e+01
3.793720514864864413e+01 3.798856569830510210e+01
3.779257665518287723e+01 3.773357794499999329e+01
2.601036088023695569e+01 2.596911351586260253e+01
2.606424227528955839e+01 4.101126916562871827e+01
4.125674233582754624e+01 -2.973203952518759507e+01
-2.970296278643844801e+01 -2.961747766440677410e+01
-2.957601522204438282e+01 -2.955775652262451203e+01
-2.995636805128479452e+01 -3.011749963266332131e+01
-2.972299074873837554e+01 -3.007457002593040229e+01
-3.011627412675197846e+01 -3.260081157591953627e+01
-3.260754919014779318e+01 -3.249657810529073743e+01
-3.243252555911947610e+01 1.602007728108105056e+01
1.607475774809802260e+01 1.607978784790385873e+01
